869
5
7
10
13
13
17
17
19
19
24
24
24
24
24
26
30
31
40
41
43
44
46
49
54
55
59
59
60
61
70
79
81
86
87
88
88
98
112
118
121
139
146
155
156
159
164
164
165
166
168
170
173
183
197
202
205
205
883
883
208
210
214
217
218
219
221
221
222
232
238
241
243
245
246
246
246
249
249
250
254
256
257
260
263
263
272
273
273
274
274
276
277
277
280
280
285
288
292
296
296
297
299
300
303
318
325
325
332
332
354
355
358
365
365
368
375
379
380
381
383
385
386
388
389
418
422
422
422
425
428
430
433
434
438
439
443
445
449
450
452
453
459
460
468
468
489
497
506
517
517
517
523
524
530
535
545
546
560
566
572
576
581
581
606
612
612
613
622
623
624
628
631
631
640
640
643
643
644
650
653
662
664
665
677
681
681
683
687
688
694
694
698
699
700
705
706
707
710
711
711
719
719
719
721
732
732
740
745
746
748
750
750
752
756
756
779
783
784
786
788
791
793
796
807
811
815
825
827
827
835
835
836
836
836
843
844
847
848
855
865
866
868
