3
4
13
15
21
24
26
27
28
36
40
41
44
45
45
49
51
53
53
60
60
60
60
66
68
72
73
76
81
83
84
90
90
96
98
111
120
127
127
138
138
138
138
138
146
152
155
159
171
172
179
180
183
187
193
193
199
203
205
207
207
208
213
227
227
228
229
237
238
245
258
258
258
260
261
261
263
271
273
275
276
276
277
277
290
292
292
295
295
296
297
299
304
306
307
310
318
326
327
332
334
336
344
352
354
359
361
371
373
373
373
386
386
388
402
404
417
418
422
428
431
435
442
442
443
448
452
458
469
484
486
486
487
487
489
518
535
546
558
568
568
568
574
581
590
591
601
603
613
615
617
622
623
624
624
627
629
639
640
640
644
644
646
646
646
658
662
671
676
678
679
679
683
687
696
701
706
710
719
731
732
733
735
744
749
750
752
753
756
765
771
772
774
779
784
790
790
792
793
793
806
806
814
815
817
819
822
825
825
825
828
831
835
835
837
837
846
854
859
861
861
